
 Array DELTA_I
 -------------
    1 -    2: (-4.0173541902802D+01, 0.0000000000000D+00)  (-4.0173541902802D+01, 0.0000000000000D+00)  
    3 -    4: (-4.0173541902802D+01, 0.0000000000000D+00)  (-4.0173541902802D+01, 0.0000000000000D+00)  
    5 -    6: (-4.0173541902802D+01, 0.0000000000000D+00)  (-4.0173541902802D+01, 0.0000000000000D+00)  
    7 -    8: (-4.0173541902802D+01, 0.0000000000000D+00)  (-4.0173541902802D+01, 0.0000000000000D+00)  
    9 -   10: (-4.0173541902802D+01, 0.0000000000000D+00)  (-4.0173541902802D+01, 0.0000000000000D+00)  
   11 -   12: (-4.0173541902802D+01, 0.0000000000000D+00)  (-4.0173541902802D+01, 0.0000000000000D+00)  
   13 -   14: (-4.0173541902802D+01, 0.0000000000000D+00)  (-4.0173541902802D+01, 0.0000000000000D+00)  
   15 -   16: (-4.0173541902802D+01, 0.0000000000000D+00)  (-4.0173541902802D+01, 0.0000000000000D+00)  
   17 -   18: (-4.0173541902802D+01, 0.0000000000000D+00)  (-4.0173541902802D+01, 0.0000000000000D+00)  
   19 -   20: (-3.9009592439088D+01, 0.0000000000000D+00)  (-3.6788284212101D+01, 0.0000000000000D+00)  
   21 -   22: (-3.4699656752947D+01, 0.0000000000000D+00)  (-3.2733349814769D+01, 0.0000000000000D+00)  
   23 -   24: (-3.0879994970600D+01, 0.0000000000000D+00)  (-2.9131103817087D+01, 0.0000000000000D+00)  
   25 -   26: (-2.7478970608443D+01, 0.0000000000000D+00)  (-2.5916587230552D+01, 0.0000000000000D+00)  
   27 -   28: (-2.4437568759622D+01, 0.0000000000000D+00)  (-2.3036088125899D+01, 0.0000000000000D+00)  
   29 -   30: (-2.1706818631561D+01, 0.0000000000000D+00)  (-2.0444883261996D+01, 0.0000000000000D+00)  
   31 -   32: (-1.9245809888166D+01, 0.0000000000000D+00)  (-1.8105491590379D+01, 0.0000000000000D+00)  
   33 -   34: (-1.7020151445087D+01, 0.0000000000000D+00)  (-1.5986311210066D+01, 0.0000000000000D+00)  
   35 -   36: (-1.5000763422413D+01, 0.0000000000000D+00)  (-1.4060546490822D+01, 0.0000000000000D+00)  
   37 -   38: (-1.3162922420447D+01, 0.0000000000000D+00)  (-1.2305356857100D+01, 0.0000000000000D+00)  
   39 -   40: (-1.1485501178829D+01, 0.0000000000000D+00)  (-1.0701176398303D+01, 0.0000000000000D+00)  
   41 -   42: (-9.9503586697187D+00, 0.0000000000000D+00)  (-9.2311662200236D+00, 0.0000000000000D+00)  
   43 -   44: (-8.5418475467040D+00, 0.0000000000000D+00)  (-7.8807707437675D+00, 0.0000000000000D+00)  
   45 -   46: (-7.2464138343320D+00, 0.0000000000000D+00)  (-6.6373560027731D+00, 0.0000000000000D+00)  
   47 -   48: (-6.0522696320281D+00, 0.0000000000000D+00)  (-5.4899130626476D+00, 0.0000000000000D+00)  
   49 -   50: (-4.9491239997887D+00, 0.0000000000000D+00)  (-4.4288135027222D+00, 0.0000000000000D+00)  
   51 -   52: (-3.9279604987704D+00, 0.0000000000000D+00)  (-3.4456067700226D+00, 0.0000000000000D+00)  
   53 -   54: (-2.9808523668348D+00, 0.0000000000000D+00)  (-2.5328514070871D+00, 0.0000000000000D+00)  
   55 -   56: (-2.1008082245624D+00, 0.0000000000000D+00)  (-1.6839738336726D+00, 0.0000000000000D+00)  
   57 -   58: (-1.6839738336726D+00, 0.0000000000000D+00)  (-1.6839738336726D+00, 0.0000000000000D+00)  
   59 -   60: (-1.6839738336726D+00, 0.0000000000000D+00)  (-1.6839738336726D+00, 0.0000000000000D+00)  
   61 -   62: (-1.6839738336726D+00, 0.0000000000000D+00)  (-1.6191974313065D+00, 0.0000000000000D+00)  
   63 -   64: (-1.5549120089140D+00, 0.0000000000000D+00)  (-1.4922156524358D+00, 0.0000000000000D+00)  
   65 -   66: (-1.4310833026442D+00, 0.0000000000000D+00)  (-1.3714907064977D+00, 0.0000000000000D+00)  
   67 -   68: (-1.3134143936255D+00, 0.0000000000000D+00)  (-1.2568316537776D+00, 0.0000000000000D+00)  
   69 -   70: (-1.2017205152002D+00, 0.0000000000000D+00)  (-1.1480597238977D+00, 0.0000000000000D+00)  
   71 -   72: (-1.0958287237458D+00, 0.0000000000000D+00)  (-1.0450076374198D+00, 0.0000000000000D+00)  
   73 -   74: (-9.9557724810650D-01, 0.0000000000000D+00)  (-9.4751898196814D-01, 0.0000000000000D+00)  
   75 -   76: (-9.0081489132839D-01, 0.0000000000000D+00)  (-8.5544763855283D-01, 0.0000000000000D+00)  
   77 -   78: (-8.1140048059690D-01, 0.0000000000000D+00)  (-7.6865725419615D-01, 0.0000000000000D+00)  
   79 -   80: (-7.2720236167426D-01, 0.0000000000000D+00)  (-6.8702075734654D-01, 0.0000000000000D+00)  
   81 -   82: (-6.4809793449662D-01, 0.0000000000000D+00)  (-6.1041991290585D-01, 0.0000000000000D+00)  
   83 -   84: (-5.7397322691593D-01, 0.0000000000000D+00)  (-5.3874491400583D-01, 0.0000000000000D+00)  
   85 -   86: (-5.0472250386553D-01, 0.0000000000000D+00)  (-4.7189400794966D-01, 0.0000000000000D+00)  
   87 -   88: (-4.4024790949521D-01, 0.0000000000000D+00)  (-4.0977315398787D-01, 0.0000000000000D+00)  
   89 -   90: (-3.8045914006316D-01, 0.0000000000000D+00)  (-3.5229571082830D-01, 0.0000000000000D+00)  
   91 -   92: (-3.2527314559212D-01, 0.0000000000000D+00)  (-2.9938215199080D-01, 0.0000000000000D+00)  
   93 -   94: (-2.7461385849794D-01, 0.0000000000000D+00)  (-2.5095980730790D-01, 0.0000000000000D+00)  
   95 -   96: (-2.2841194758231D-01, 0.0000000000000D+00)  (-2.0696262904977D-01, 0.0000000000000D+00)  
   97 -   98: (-1.8660459594984D-01, 0.0000000000000D+00)  (-1.6733098131250D-01, 0.0000000000000D+00)  
   99 -  100: (-1.4913530156500D-01, 0.0000000000000D+00)  (-1.3201145145859D-01, 0.0000000000000D+00)  
  101 -  102: (-1.1595369930785D-01, 0.0000000000000D+00)  (-1.0095668253607D-01, 0.0000000000000D+00)  
  103 -  104: (-8.7015403520542D-02, 0.0000000000000D+00)  (-7.4125225731685D-02, 0.0000000000000D+00)  
  105 -  106: (-6.2281870161107D-02, 0.0000000000000D+00)  (-5.1481412033355D-02, 0.0000000000000D+00)  
  107 -  108: (-4.1720277796931D-02, 0.0000000000000D+00)  (-3.2995242390524D-02, 0.0000000000000D+00)  
  109 -  110: (-2.5303426780583D-02, 0.0000000000000D+00)  (-1.8642295767069D-02, 0.0000000000000D+00)  
  111 -  112: (-1.3009656054176D-02, 0.0000000000000D+00)  (-8.4036545836459D-03, 0.0000000000000D+00)  
  113 -  114: (-4.8227771282091D-03, 0.0000000000000D+00)  (-2.2658471433367D-03, 0.0000000000000D+00)  
  115 -  116: (-7.3202487582865D-04, 0.0000000000000D+00)  ( 0.0000000000000D+00, 0.0000000000000D+00)  
  117 -  118: ( 0.0000000000000D+00, 0.0000000000000D+00)  ( 0.0000000000000D+00, 0.0000000000000D+00)  
  119 -  120: ( 0.0000000000000D+00, 0.0000000000000D+00)  ( 0.0000000000000D+00, 0.0000000000000D+00)  
  121 -  122: ( 0.0000000000000D+00, 0.0000000000000D+00)  ( 0.0000000000000D+00, 0.0000000000000D+00)  
  123 -  124: ( 0.0000000000000D+00, 0.0000000000000D+00)  ( 0.0000000000000D+00, 0.0000000000000D+00)  
  125 -  126: ( 0.0000000000000D+00, 0.0000000000000D+00)  ( 0.0000000000000D+00, 0.0000000000000D+00)  
  127 -  128: ( 0.0000000000000D+00, 0.0000000000000D+00)  ( 0.0000000000000D+00, 0.0000000000000D+00)  
  129 -  130: ( 0.0000000000000D+00, 0.0000000000000D+00)  ( 0.0000000000000D+00, 0.0000000000000D+00)  
  131 -  132: ( 0.0000000000000D+00, 0.0000000000000D+00)  ( 0.0000000000000D+00, 0.0000000000000D+00)  
  133 -  134: ( 0.0000000000000D+00, 0.0000000000000D+00)  ( 0.0000000000000D+00, 0.0000000000000D+00)  
  135 -  136: ( 0.0000000000000D+00, 0.0000000000000D+00)  ( 0.0000000000000D+00, 0.0000000000000D+00)  
  137 -  138: ( 0.0000000000000D+00, 0.0000000000000D+00)  ( 0.0000000000000D+00, 0.0000000000000D+00)  
  139 -  140: ( 0.0000000000000D+00, 0.0000000000000D+00)  ( 0.0000000000000D+00, 0.0000000000000D+00)  
  141 -  142: ( 0.0000000000000D+00, 0.0000000000000D+00)  ( 0.0000000000000D+00, 0.0000000000000D+00)  
  143 -  144: ( 0.0000000000000D+00, 0.0000000000000D+00)  ( 0.0000000000000D+00, 0.0000000000000D+00)  
  145 -  146: ( 0.0000000000000D+00, 0.0000000000000D+00)  ( 0.0000000000000D+00, 0.0000000000000D+00)  
  147 -  148: ( 0.0000000000000D+00, 0.0000000000000D+00)  ( 0.0000000000000D+00, 0.0000000000000D+00)  
  149 -  150: ( 0.0000000000000D+00, 0.0000000000000D+00)  ( 0.0000000000000D+00, 0.0000000000000D+00)  
  151 -  152: ( 0.0000000000000D+00, 0.0000000000000D+00)  ( 0.0000000000000D+00, 0.0000000000000D+00)  
  153 -  154: ( 0.0000000000000D+00, 0.0000000000000D+00)  ( 0.0000000000000D+00, 0.0000000000000D+00)  
  155 -  156: ( 0.0000000000000D+00, 0.0000000000000D+00)  ( 0.0000000000000D+00, 0.0000000000000D+00)  
  157 -  158: ( 0.0000000000000D+00, 0.0000000000000D+00)  ( 0.0000000000000D+00, 0.0000000000000D+00)  
  159 -  160: ( 0.0000000000000D+00, 0.0000000000000D+00)  ( 0.0000000000000D+00, 0.0000000000000D+00)  
  161 -  162: ( 0.0000000000000D+00, 0.0000000000000D+00)  ( 0.0000000000000D+00, 0.0000000000000D+00)  
  163 -  164: ( 0.0000000000000D+00, 0.0000000000000D+00)  ( 0.0000000000000D+00, 0.0000000000000D+00)  
  165 -  166: ( 0.0000000000000D+00, 0.0000000000000D+00)  ( 0.0000000000000D+00, 0.0000000000000D+00)  
  167 -  168: ( 0.0000000000000D+00, 0.0000000000000D+00)  ( 0.0000000000000D+00, 0.0000000000000D+00)  
  169 -  170: ( 0.0000000000000D+00, 0.0000000000000D+00)  ( 0.0000000000000D+00, 0.0000000000000D+00)  
  171 -  172: ( 0.0000000000000D+00, 0.0000000000000D+00)  ( 0.0000000000000D+00, 0.0000000000000D+00)  
  173 -  174: ( 0.0000000000000D+00, 0.0000000000000D+00)  ( 0.0000000000000D+00, 0.0000000000000D+00)  
  175 -  176: ( 0.0000000000000D+00, 0.0000000000000D+00)  ( 0.0000000000000D+00, 0.0000000000000D+00)  
  177 -  178: ( 5.4031161397970D-04, 0.0000000000000D+00)  ( 8.6931225104423D-04, 0.0000000000000D+00)  
  179 -  180: ( 1.4176241871160D-03, 0.0000000000000D+00)  ( 2.1852137367354D-03, 0.0000000000000D+00)  
  181 -  182: ( 3.1720337468248D-03, 0.0000000000000D+00)  ( 4.3780236029223D-03, 0.0000000000000D+00)  
  183 -  184: ( 5.8031092375389D-03, 0.0000000000000D+00)  ( 7.4472031398559D-03, 0.0000000000000D+00)  
  185 -  186: ( 9.3102043681058D-03, 0.0000000000000D+00)  ( 1.1391998562788D-02, 0.0000000000000D+00)  
  187 -  188: ( 1.3692457962697D-02, 0.0000000000000D+00)  ( 1.6211441421571D-02, 0.0000000000000D+00)  
  189 -  190: ( 1.8948794427815D-02, 0.0000000000000D+00)  ( 2.1904349125139D-02, 0.0000000000000D+00)  
  191 -  192: ( 2.5077924335315D-02, 0.0000000000000D+00)  ( 2.8469325582672D-02, 0.0000000000000D+00)  
  193 -  194: ( 3.2078345120444D-02, 0.0000000000000D+00)  ( 3.5904761958886D-02, 0.0000000000000D+00)  
  195 -  196: ( 3.9948341895203D-02, 0.0000000000000D+00)  ( 4.4208837544914D-02, 0.0000000000000D+00)  
  197 -  198: ( 4.8685988375395D-02, 0.0000000000000D+00)  ( 5.3379520741119D-02, 0.0000000000000D+00)  
  199 -  200: ( 5.8289147920398D-02, 0.0000000000000D+00)  ( 6.3414570153932D-02, 0.0000000000000D+00)  
  201 -  202: ( 6.8755474685441D-02, 0.0000000000000D+00)  ( 7.4311535803407D-02, 0.0000000000000D+00)  
  203 -  204: ( 8.0082414885095D-02, 0.0000000000000D+00)  ( 8.6067760441703D-02, 0.0000000000000D+00)  
  205 -  206: ( 9.2267208165859D-02, 0.0000000000000D+00)  ( 9.8680380980281D-02, 0.0000000000000D+00)  
  207 -  208: ( 1.0530688908802D-01, 0.0000000000000D+00)  ( 1.1214633002516D-01, 0.0000000000000D+00)  
  209 -  210: ( 1.1919828871417D-01, 0.0000000000000D+00)  ( 1.2646233751928D-01, 0.0000000000000D+00)  
  211 -  212: ( 1.3393803630375D-01, 0.0000000000000D+00)  ( 1.4162493248834D-01, 0.0000000000000D+00)  
  213 -  214: ( 1.4952256111156D-01, 0.0000000000000D+00)  ( 1.5763044489130D-01, 0.0000000000000D+00)  
  215 -  216: ( 1.6594809428859D-01, 0.0000000000000D+00)  ( 1.7447500757181D-01, 0.0000000000000D+00)  
  217 -  218: ( 1.8321067088372D-01, 0.0000000000000D+00)  ( 1.9215455830908D-01, 0.0000000000000D+00)  
  219 -  220: ( 2.0130613194423D-01, 0.0000000000000D+00)  ( 2.1066484196767D-01, 0.0000000000000D+00)  
  221 -  222: ( 2.2023012671295D-01, 0.0000000000000D+00)  ( 2.3000141274202D-01, 0.0000000000000D+00)  
  223 -  224: ( 2.3997811492089D-01, 0.0000000000000D+00)  ( 2.5015963649579D-01, 0.0000000000000D+00)  
  225 -  226: ( 2.6054536917187D-01, 0.0000000000000D+00)  ( 2.7113469319216D-01, 0.0000000000000D+00)  
  227 -  228: ( 2.8192697741859D-01, 0.0000000000000D+00)  ( 2.9292157941419D-01, 0.0000000000000D+00)  
  229 -  230: ( 3.0411784552638D-01, 0.0000000000000D+00)  ( 3.1551511097218D-01, 0.0000000000000D+00)  
  231 -  232: ( 3.2711269992377D-01, 0.0000000000000D+00)  ( 3.3890992559625D-01, 0.0000000000000D+00)  
  233 -  234: ( 3.5090609033607D-01, 0.0000000000000D+00)  ( 3.6310048571081D-01, 0.0000000000000D+00)  
  235 -  236: ( 3.7549239260050D-01, 0.0000000000000D+00)  ( 3.8808108128956D-01, 0.0000000000000D+00)  
  237 -  238: ( 4.0086581156042D-01, 0.0000000000000D+00)  ( 4.1384583278793D-01, 0.0000000000000D+00)  
  239 -  240: ( 4.2702038403519D-01, 0.0000000000000D+00)  ( 4.4038869415013D-01, 0.0000000000000D+00)  
  241 -  242: ( 4.5394998186382D-01, 0.0000000000000D+00)  ( 4.6770345588891D-01, 0.0000000000000D+00)  
  243 -  244: ( 4.8164831501998D-01, 0.0000000000000D+00)  ( 4.9578374823439D-01, 0.0000000000000D+00)  
  245 -  246: ( 5.1010893479428D-01, 0.0000000000000D+00)  ( 5.2462304434993D-01, 0.0000000000000D+00)  
  247 -  248: ( 5.3932523704320D-01, 0.0000000000000D+00)  ( 5.5421466361274D-01, 0.0000000000000D+00)  
  249 -  250: ( 5.6929046549964D-01, 0.0000000000000D+00)  ( 5.8455177495432D-01, 0.0000000000000D+00)  
  251 -  252: ( 5.9999771514389D-01, 0.0000000000000D+00)  ( 6.1562740026066D-01, 0.0000000000000D+00)  
  253 -  254: ( 6.3143993563151D-01, 0.0000000000000D+00)  ( 6.4743441782751D-01, 0.0000000000000D+00)  
  255 -  256: ( 6.6360993477520D-01, 0.0000000000000D+00)  ( 6.7996556586781D-01, 0.0000000000000D+00)  
  257 -  258: ( 6.9650038207780D-01, 0.0000000000000D+00)  ( 7.1321344606962D-01, 0.0000000000000D+00)  
  259 -  260: ( 7.3010381231360D-01, 0.0000000000000D+00)  ( 7.4717052720022D-01, 0.0000000000000D+00)  
  261 -  262: ( 7.6441262915515D-01, 0.0000000000000D+00)  ( 7.8182914875461D-01, 0.0000000000000D+00)  
  263 -  264: ( 7.9941910884196D-01, 0.0000000000000D+00)  ( 8.1718152464412D-01, 0.0000000000000D+00)  
  265 -  266: ( 8.3598269675399D-01, 0.0000000000000D+00)  ( 8.5393880383158D-01, 0.0000000000000D+00)  
  267 -  268: ( 8.7180439480145D-01, 0.0000000000000D+00)  ( 8.8957986503542D-01, 0.0000000000000D+00)  
  269 -  270: ( 9.0726560711370D-01, 0.0000000000000D+00)  ( 9.2486201084442D-01, 0.0000000000000D+00)  
  271 -  272: ( 9.4236946328544D-01, 0.0000000000000D+00)  ( 9.5978834876418D-01, 0.0000000000000D+00)  
  273 -  274: ( 9.7711904889844D-01, 0.0000000000000D+00)  ( 9.9436194261639D-01, 0.0000000000000D+00)  
  275 -  276: ( 1.0115174061767D+00, 0.0000000000000D+00)  ( 1.0285858131881D+00, 0.0000000000000D+00)  
  277 -  278: ( 1.0455675346292D+00, 0.0000000000000D+00)  ( 1.0624629388675D+00, 0.0000000000000D+00)  
  279 -  280: ( 1.0792723916796D+00, 0.0000000000000D+00)  ( 1.0959962562688D+00, 0.0000000000000D+00)  
  281 -  282: ( 1.1126348932856D+00, 0.0000000000000D+00)  ( 1.1291886608451D+00, 0.0000000000000D+00)  
  283 -  284: ( 1.1456579145463D+00, 0.0000000000000D+00)  ( 1.1620430074902D+00, 0.0000000000000D+00)  
  285 -  286: ( 1.1783442902980D+00, 0.0000000000000D+00)  ( 1.1945621111290D+00, 0.0000000000000D+00)  
  287 -  288: ( 1.2106968156989D+00, 0.0000000000000D+00)  ( 1.2267487472967D+00, 0.0000000000000D+00)  
  289 -  290: ( 1.2427182468032D+00, 0.0000000000000D+00)  ( 1.2586056527077D+00, 0.0000000000000D+00)  
  291 -  292: ( 1.2744113011252D+00, 0.0000000000000D+00)  ( 1.2901355258140D+00, 0.0000000000000D+00)  
  293 -  294: ( 1.3057786581917D+00, 0.0000000000000D+00)  ( 1.3213410273529D+00, 0.0000000000000D+00)  
  295 -  296: ( 1.3368229600850D+00, 0.0000000000000D+00)  ( 1.3522247808850D+00, 0.0000000000000D+00)  
  297 -  298: ( 1.3675468119757D+00, 0.0000000000000D+00)  ( 1.3827893733220D+00, 0.0000000000000D+00)  
  299 -  300: ( 1.3979527826466D+00, 0.0000000000000D+00)  ( 1.4130373554458D+00, 0.0000000000000D+00)  
  301 -  302: ( 1.4280434050053D+00, 0.0000000000000D+00)  ( 1.4429712424158D+00, 0.0000000000000D+00)  
  303 -  304: ( 1.4578211765885D+00, 0.0000000000000D+00)  ( 1.4725935142699D+00, 0.0000000000000D+00)  
  305 -  306: ( 1.4872885600572D+00, 0.0000000000000D+00)  ( 1.5019066164138D+00, 0.0000000000000D+00)  
  307 -  308: ( 1.5164479836828D+00, 0.0000000000000D+00)  ( 1.5309129601030D+00, 0.0000000000000D+00)  
  309 -  310: ( 1.5453018418229D+00, 0.0000000000000D+00)  ( 1.5596149229154D+00, 0.0000000000000D+00)  
  311 -  312: ( 1.5738524953913D+00, 0.0000000000000D+00)  ( 1.5880148492149D+00, 0.0000000000000D+00)  
  313 -  314: ( 1.6021022723165D+00, 0.0000000000000D+00)  ( 1.6161150506076D+00, 0.0000000000000D+00)  
  315 -  316: ( 1.6300534679938D+00, 0.0000000000000D+00)  ( 1.6439178063887D+00, 0.0000000000000D+00)  
  317 -  318: ( 1.6577083457281D+00, 0.0000000000000D+00)  ( 1.6714253639821D+00, 0.0000000000000D+00)  
  319 -  320: ( 1.6850691371698D+00, 0.0000000000000D+00)  ( 1.6986399393713D+00, 0.0000000000000D+00)  
  321 -  322: ( 1.7121380427417D+00, 0.0000000000000D+00)  ( 1.7255637175230D+00, 0.0000000000000D+00)  
  323 -  324: ( 1.7389172320584D+00, 0.0000000000000D+00)  ( 1.7521988528031D+00, 0.0000000000000D+00)  
  325 -  326: ( 1.7654088443390D+00, 0.0000000000000D+00)  ( 1.7785474693851D+00, 0.0000000000000D+00)  
  327 -  328: ( 1.7916149888113D+00, 0.0000000000000D+00)  ( 1.8046116616502D+00, 0.0000000000000D+00)  
  329 -  330: ( 1.8175377451091D+00, 0.0000000000000D+00)  ( 1.8303934945822D+00, 0.0000000000000D+00)  
  331 -  332: ( 1.8431791636626D+00, 0.0000000000000D+00)  ( 1.8558950041536D+00, 0.0000000000000D+00)  
  333 -  334: ( 1.8685412660812D+00, 0.0000000000000D+00)  ( 1.8811181977049D+00, 0.0000000000000D+00)  
  335 -  336: ( 1.8936260455301D+00, 0.0000000000000D+00)  ( 1.9060650543183D+00, 0.0000000000000D+00)  
  337 -  338: ( 1.9184354670995D+00, 0.0000000000000D+00)  ( 1.9307375251829D+00, 0.0000000000000D+00)  
  339 -  340: ( 1.9429714681678D+00, 0.0000000000000D+00)  ( 1.9551375339549D+00, 0.0000000000000D+00)  
  341 -  342: ( 1.9672359587573D+00, 0.0000000000000D+00)  ( 1.9792669771109D+00, 0.0000000000000D+00)  
  343 -  344: ( 1.9912308218850D+00, 0.0000000000000D+00)  ( 2.0031277242939D+00, 0.0000000000000D+00)  
  345 -  346: ( 2.0149579139058D+00, 0.0000000000000D+00)  ( 2.0267216186545D+00, 0.0000000000000D+00)  
  347 -  348: ( 2.0384190648494D+00, 0.0000000000000D+00)  ( 2.0500504771854D+00, 0.0000000000000D+00)  
  349 -  350: ( 2.0616160787532D+00, 0.0000000000000D+00)  ( 2.0731160910493D+00, 0.0000000000000D+00)  
  351 -  352: ( 2.0845507339863D+00, 0.0000000000000D+00)  ( 2.0959202259021D+00, 0.0000000000000D+00)  
  353 -  354: ( 2.1072247835703D+00, 0.0000000000000D+00)  ( 2.1184646222094D+00, 0.0000000000000D+00)  
  355 -  356: ( 2.1296399554926D+00, 0.0000000000000D+00)  ( 2.1407509955576D+00, 0.0000000000000D+00)  
  357 -  358: ( 2.1517979530152D+00, 0.0000000000000D+00)  ( 2.1627810369595D+00, 0.0000000000000D+00)  
  359 -  360: ( 2.1737004549766D+00, 0.0000000000000D+00)  ( 2.1845564131544D+00, 0.0000000000000D+00)  
  361 -  362: ( 2.1953491160908D+00, 0.0000000000000D+00)  ( 2.2060787669032D+00, 0.0000000000000D+00)  
  363 -  364: ( 2.2167455672374D+00, 0.0000000000000D+00)  ( 2.2273497172767D+00, 0.0000000000000D+00)  
  365 -  366: ( 2.2378914157501D+00, 0.0000000000000D+00)  ( 2.2483708599414D+00, 0.0000000000000D+00)  
  367 -  368: ( 2.2587882456974D+00, 0.0000000000000D+00)  ( 2.2691437674370D+00, 0.0000000000000D+00)  
  369 -  370: ( 2.2794376181593D+00, 0.0000000000000D+00)  ( 2.2896699894520D+00, 0.0000000000000D+00)  
  371 -  372: ( 2.2998410714995D+00, 0.0000000000000D+00)  ( 2.3099510530916D+00, 0.0000000000000D+00)  
  373 -  374: ( 2.3200001216316D+00, 0.0000000000000D+00)  ( 2.3299884631433D+00, 0.0000000000000D+00)  
  375 -  376: ( 2.3399162622810D+00, 0.0000000000000D+00)  ( 2.3497837023353D+00, 0.0000000000000D+00)  
  377 -  378: ( 2.3595909652428D+00, 0.0000000000000D+00)  ( 2.3693382315925D+00, 0.0000000000000D+00)  
  379 -  380: ( 2.3790256806343D+00, 0.0000000000000D+00)  ( 2.3886534902861D+00, 0.0000000000000D+00)  
  381 -  382: ( 2.3982218371421D+00, 0.0000000000000D+00)  ( 2.4077308964797D+00, 0.0000000000000D+00)  
  383 -  384: ( 2.4171808422671D+00, 0.0000000000000D+00)  ( 2.4265718471707D+00, 0.0000000000000D+00)  
  385 -  386: ( 2.4359040825627D+00, 0.0000000000000D+00)  ( 2.4451777185274D+00, 0.0000000000000D+00)  
  387 -  388: ( 2.4543929238699D+00, 0.0000000000000D+00)  ( 2.4635498661217D+00, 0.0000000000000D+00)  
  389 -  390: ( 2.4726487115485D+00, 0.0000000000000D+00)  ( 2.4816896251571D+00, 0.0000000000000D+00)  
  391 -  392: ( 2.4906727707025D+00, 0.0000000000000D+00)  ( 2.4995983106941D+00, 0.0000000000000D+00)  
  393 -  394: ( 2.5084664064031D+00, 0.0000000000000D+00)  ( 2.5172772178693D+00, 0.0000000000000D+00)  
  395 -  396: ( 2.5260309039073D+00, 0.0000000000000D+00)  ( 2.5347276221128D+00, 0.0000000000000D+00)  
  397 -  398: ( 2.5433675288706D+00, 0.0000000000000D+00)  ( 2.5519507793596D+00, 0.0000000000000D+00)  
  399 -  400: ( 2.5604775275596D+00, 0.0000000000000D+00)  ( 2.5689479262582D+00, 0.0000000000000D+00)  
  401 -  402: ( 2.5773621270566D+00, 0.0000000000000D+00)  ( 2.5857202803759D+00, 0.0000000000000D+00)  
  403 -  404: ( 2.5940225354634D+00, 0.0000000000000D+00)  ( 2.6022690403987D+00, 0.0000000000000D+00)  
  405 -  406: ( 2.6104599420998D+00, 0.0000000000000D+00)  ( 2.6185953863291D+00, 0.0000000000000D+00)  
  407 -  408: ( 2.6266755176992D+00, 0.0000000000000D+00)  ( 2.6347004796791D+00, 0.0000000000000D+00)  
  409 -  410: ( 2.6426704145998D+00, 0.0000000000000D+00)  ( 2.6505854636604D+00, 0.0000000000000D+00)  
  411 -  412: ( 2.6584457669332D+00, 0.0000000000000D+00)  ( 2.6662514633706D+00, 0.0000000000000D+00)  
  413 -  414: ( 2.6740026908092D+00, 0.0000000000000D+00)  ( 2.6816995859766D+00, 0.0000000000000D+00)  
  415 -  416: ( 2.6893422844963D+00, 0.0000000000000D+00)  ( 2.6969309208932D+00, 0.0000000000000D+00)  
  417 -  418: ( 2.7044656285996D+00, 0.0000000000000D+00)  ( 2.7119465399598D+00, 0.0000000000000D+00)  
  419 -  420: ( 2.7193737862360D+00, 0.0000000000000D+00)  ( 2.7267474976132D+00, 0.0000000000000D+00)  
  421 -  422: ( 2.7340678032046D+00, 0.0000000000000D+00)  ( 2.7413348310567D+00, 0.0000000000000D+00)  
  423 -  424: ( 2.7485487081545D+00, 0.0000000000000D+00)  ( 2.7557095604267D+00, 0.0000000000000D+00)  
  425 -  426: ( 2.7628175127502D+00, 0.0000000000000D+00)  ( 2.7698726889557D+00, 0.0000000000000D+00)  
  427 -  428: ( 2.7768752118324D+00, 0.0000000000000D+00)  ( 2.7838252031325D+00, 0.0000000000000D+00)  
  429 -  430: ( 2.7907227835770D+00, 0.0000000000000D+00)  ( 2.7975680728589D+00, 0.0000000000000D+00)  
  431 -  432: ( 2.8043611896498D+00, 0.0000000000000D+00)  ( 2.8111022516033D+00, 0.0000000000000D+00)  
  433 -  434: ( 2.8177913753600D+00, 0.0000000000000D+00)  ( 2.8244286765521D+00, 0.0000000000000D+00)  
  435 -  436: ( 2.8310142698082D+00, 0.0000000000000D+00)  ( 2.8375482687573D+00, 0.0000000000000D+00)  
  437 -  438: ( 2.8440307860340D+00, 0.0000000000000D+00)  ( 2.8504619332820D+00, 0.0000000000000D+00)  
  439 -  440: ( 2.8568418211591D+00, 0.0000000000000D+00)  ( 2.8631705593415D+00, 0.0000000000000D+00)  
  441 -  442: ( 2.8694482565279D+00, 0.0000000000000D+00)  ( 2.8756750204438D+00, 0.0000000000000D+00)  
  443 -  444: ( 2.8818509578457D+00, 0.0000000000000D+00)  ( 2.8879761745256D+00, 0.0000000000000D+00)  
  445 -  446: ( 2.8940507753141D+00, 0.0000000000000D+00)  ( 2.9000748640859D+00, 0.0000000000000D+00)  
  447 -  448: ( 2.9060485437625D+00, 0.0000000000000D+00)  ( 2.9119719163173D+00, 0.0000000000000D+00)  
  449 -  450: ( 2.9178450827789D+00, 0.0000000000000D+00)  ( 2.9236681432347D+00, 0.0000000000000D+00)  
  451 -  452: ( 2.9294411968360D+00, 0.0000000000000D+00)  ( 2.9351643418006D+00, 0.0000000000000D+00)  
  453 -  454: ( 2.9408376754169D+00, 0.0000000000000D+00)  ( 2.9464612940483D+00, 0.0000000000000D+00)  
  455 -  456: ( 2.9520352931357D+00, 0.0000000000000D+00)  ( 2.9575597672024D+00, 0.0000000000000D+00)  
  457 -  458: ( 2.9630348098572D+00, 0.0000000000000D+00)  ( 2.9684605137978D+00, 0.0000000000000D+00)  
  459 -  460: ( 2.9738369708142D+00, 0.0000000000000D+00)  ( 2.9791642717934D+00, 0.0000000000000D+00)  
  461 -  462: ( 2.9844425067213D+00, 0.0000000000000D+00)  ( 2.9896717646872D+00, 0.0000000000000D+00)  
  463 -  464: ( 2.9948521338867D+00, 0.0000000000000D+00)  ( 2.9999837016253D+00, 0.0000000000000D+00)  
  465 -  466: ( 3.0050665543217D+00, 0.0000000000000D+00)  ( 3.0101007775110D+00, 0.0000000000000D+00)  
  467 -  468: ( 3.0150864558480D+00, 0.0000000000000D+00)  ( 3.0200236731102D+00, 0.0000000000000D+00)  
  469 -  470: ( 3.0249125122019D+00, 0.0000000000000D+00)  ( 3.0297530551554D+00, 0.0000000000000D+00)  
  471 -  472: ( 3.0345453831365D+00, 0.0000000000000D+00)  ( 3.0392895764459D+00, 0.0000000000000D+00)  
  473 -  474: ( 3.0439857145226D+00, 0.0000000000000D+00)  ( 3.0486338759474D+00, 0.0000000000000D+00)  
  475 -  476: ( 3.0532341384452D+00, 0.0000000000000D+00)  ( 3.0577865788885D+00, 0.0000000000000D+00)  
  477 -  478: ( 3.0622912732997D+00, 0.0000000000000D+00)  ( 3.0667482968547D+00, 0.0000000000000D+00)  
  479 -  480: ( 3.0711577238848D+00, 0.0000000000000D+00)  ( 3.0755196278805D+00, 0.0000000000000D+00)  
  481 -  482: ( 3.0798340814935D+00, 0.0000000000000D+00)  ( 3.0841011565397D+00, 0.0000000000000D+00)  
  483 -  484: ( 3.0883209240019D+00, 0.0000000000000D+00)  ( 3.0924934540324D+00, 0.0000000000000D+00)  
  485 -  486: ( 3.0966188159560D+00, 0.0000000000000D+00)  ( 3.1006970782715D+00, 0.0000000000000D+00)  
  487 -  488: ( 3.1047283086559D+00, 0.0000000000000D+00)  ( 3.1087125739651D+00, 0.0000000000000D+00)  
  489 -  490: ( 3.1126499402382D+00, 0.0000000000000D+00)  ( 3.1165404726986D+00, 0.0000000000000D+00)  
  491 -  492: ( 3.1203842357571D+00, 0.0000000000000D+00)  ( 3.1241812930137D+00, 0.0000000000000D+00)  
  493 -  494: ( 3.1279317072607D+00, 0.0000000000000D+00)  ( 3.1316355404852D+00, 0.0000000000000D+00)  
  495 -  496: ( 3.1352928538697D+00, 0.0000000000000D+00)  ( 3.1389037077967D+00, 0.0000000000000D+00)  
  497 -  498: ( 3.1424681618491D+00, 0.0000000000000D+00)  ( 3.1459862748135D+00, 0.0000000000000D+00)  
  499 -  500: ( 3.1494581046818D+00, 0.0000000000000D+00)  ( 3.1528837086537D+00, 0.0000000000000D+00)  
  501 -  502: ( 3.1562631431383D+00, 0.0000000000000D+00)  ( 3.1595964637569D+00, 0.0000000000000D+00)  
  503 -  504: ( 3.1628837253445D+00, 0.0000000000000D+00)  ( 3.1661249819522D+00, 0.0000000000000D+00)  
  505 -  506: ( 3.1693202868486D+00, 0.0000000000000D+00)  ( 3.1724696925226D+00, 0.0000000000000D+00)  
  507 -  508: ( 3.1755732506845D+00, 0.0000000000000D+00)  ( 3.1786310122684D+00, 0.0000000000000D+00)  
  509 -  510: ( 3.1816430274341D+00, 0.0000000000000D+00)  ( 3.1846093455690D+00, 0.0000000000000D+00)  
  511 -  512: ( 3.1875300152891D+00, 0.0000000000000D+00)  ( 3.1904050844419D+00, 0.0000000000000D+00)  
  513 -  514: ( 3.1932346001074D+00, 0.0000000000000D+00)  ( 3.1960186086003D+00, 0.0000000000000D+00)  
  515 -  516: ( 3.1987571554713D+00, 0.0000000000000D+00)  ( 3.2014502855090D+00, 0.0000000000000D+00)  
  517 -  518: ( 3.2040980427415D+00, 0.0000000000000D+00)  ( 3.2067004704380D+00, 0.0000000000000D+00)  
  519 -  520: ( 3.2092576111102D+00, 0.0000000000000D+00)  ( 3.2117695065143D+00, 0.0000000000000D+00)  
  521 -  522: ( 3.2142361976521D+00, 0.0000000000000D+00)  ( 3.2166577247727D+00, 0.0000000000000D+00)  
  523 -  524: ( 3.2190341273738D+00, 0.0000000000000D+00)  ( 3.2213654442033D+00, 0.0000000000000D+00)  
  525 -  526: ( 3.2236517132609D+00, 0.0000000000000D+00)  ( 3.2258929717988D+00, 0.0000000000000D+00)  
  527 -  528: ( 3.2280892563239D+00, 0.0000000000000D+00)  ( 3.2302406025986D+00, 0.0000000000000D+00)  
  529 -  530: ( 3.2323470456421D+00, 0.0000000000000D+00)  ( 3.2344086197321D+00, 0.0000000000000D+00)  
  531 -  532: ( 3.2364253584054D+00, 0.0000000000000D+00)  ( 3.2383972944597D+00, 0.0000000000000D+00)  
  533 -  534: ( 3.2403244599545D+00, 0.0000000000000D+00)  ( 3.2422068862125D+00, 0.0000000000000D+00)  
  535 -  536: ( 3.2440446038201D+00, 0.0000000000000D+00)  ( 3.2458376426295D+00, 0.0000000000000D+00)  
  537 -  538: ( 3.2475860317589D+00, 0.0000000000000D+00)  ( 3.2492897995940D+00, 0.0000000000000D+00)  
  539 -  540: ( 3.2509489737890D+00, 0.0000000000000D+00)  ( 3.2525635812676D+00, 0.0000000000000D+00)  
  541 -  542: ( 3.2541336482235D+00, 0.0000000000000D+00)  ( 3.2556592001224D+00, 0.0000000000000D+00)  
  543 -  544: ( 3.2571402617018D+00, 0.0000000000000D+00)  ( 3.2585768569724D+00, 0.0000000000000D+00)  
  545 -  546: ( 3.2599690092192D+00, 0.0000000000000D+00)  ( 3.2613167410018D+00, 0.0000000000000D+00)  
  547 -  548: ( 3.2626200741558D+00, 0.0000000000000D+00)  ( 3.2638790297930D+00, 0.0000000000000D+00)  
  549 -  550: ( 3.2650936283026D+00, 0.0000000000000D+00)  ( 3.2662638893518D+00, 0.0000000000000D+00)  
  551 -  552: ( 3.2673898318865D+00, 0.0000000000000D+00)  ( 3.2684714741319D+00, 0.0000000000000D+00)  
  553 -  554: ( 3.2695088335931D+00, 0.0000000000000D+00)  ( 3.2705019270563D+00, 0.0000000000000D+00)  
  555 -  556: ( 3.2714507705883D+00, 0.0000000000000D+00)  ( 3.2723553795387D+00, 0.0000000000000D+00)  
  557 -  558: ( 3.2732157685387D+00, 0.0000000000000D+00)  ( 3.2740319515027D+00, 0.0000000000000D+00)  
  559 -  560: ( 3.2748039416284D+00, 0.0000000000000D+00)  ( 3.2755317513977D+00, 0.0000000000000D+00)  
  561 -  562: ( 3.2762153925767D+00, 0.0000000000000D+00)  ( 3.2768548762164D+00, 0.0000000000000D+00)  
  563 -  564: ( 3.2774502126526D+00, 0.0000000000000D+00)  ( 3.2780014115072D+00, 0.0000000000000D+00)  
  565 -  566: ( 3.2785084816874D+00, 0.0000000000000D+00)  ( 3.2789714313871D+00, 0.0000000000000D+00)  
  567 -  568: ( 3.2793902680867D+00, 0.0000000000000D+00)  ( 3.2797649985529D+00, 0.0000000000000D+00)  
  569 -  570: ( 3.2800956288402D+00, 0.0000000000000D+00)  ( 3.2803821642896D+00, 0.0000000000000D+00)  
  571 -  572: ( 3.2806246095298D+00, 0.0000000000000D+00)  ( 3.2808229684772D+00, 0.0000000000000D+00)  
  573 -  574: ( 3.2809772443361D+00, 0.0000000000000D+00)  ( 3.2810874395982D+00, 0.0000000000000D+00)  
  575 -  576: ( 3.2811535560436D+00, 0.0000000000000D+00)  ( 3.2802106131249D+00, 0.0000000000000D+00)  
  577 -  578: ( 3.2802106131249D+00, 0.0000000000000D+00)  ( 3.2802106131249D+00, 0.0000000000000D+00)  
  579 -  580: ( 3.2802106131249D+00, 0.0000000000000D+00)  ( 3.2802106131249D+00, 0.0000000000000D+00)  
  581 -  582: ( 3.2802106131249D+00, 0.0000000000000D+00)  ( 3.2802106131249D+00, 0.0000000000000D+00)  
  583 -  584: ( 3.2802106131249D+00, 0.0000000000000D+00)  ( 3.2802106131249D+00, 0.0000000000000D+00)  
  585 -  586: ( 3.2802106131249D+00, 0.0000000000000D+00)  ( 3.2802106131249D+00, 0.0000000000000D+00)  
  587 -  588: ( 3.2802106131249D+00, 0.0000000000000D+00)  ( 3.2802106131249D+00, 0.0000000000000D+00)  
  589 -  590: ( 3.2802106131249D+00, 0.0000000000000D+00)  ( 3.2802106131249D+00, 0.0000000000000D+00)  
  591 -  592: ( 3.2802106131249D+00, 0.0000000000000D+00)  ( 3.2802106131249D+00, 0.0000000000000D+00)  
  593 -  594: ( 3.2802106131249D+00, 0.0000000000000D+00)  ( 3.2802106131249D+00, 0.0000000000000D+00)  
  595 -  596: ( 3.2802106131249D+00, 0.0000000000000D+00)  ( 3.2802106131249D+00, 0.0000000000000D+00)  
  597 -  598: ( 3.2802106131249D+00, 0.0000000000000D+00)  ( 3.2802106131249D+00, 0.0000000000000D+00)  
  599 -  600: ( 3.2802106131249D+00, 0.0000000000000D+00)  ( 3.2802106131249D+00, 0.0000000000000D+00)  
  
