
 Array R_I
 ---------
    1 -    5:      1.1000000000000D-02     1.1000000000000D-02     1.1000000000000D-02     1.1000000000000D-02     1.1000000000000D-02
    6 -   10:      1.1000000000000D-02     1.1000000000000D-02     1.1000000000000D-02     1.1000000000000D-02     1.1000000000000D-02
   11 -   15:      1.1000000000000D-02     1.1000000000000D-02     1.1000000000000D-02     1.1000000000000D-02     1.1000000000000D-02
   16 -   20:      1.1000000000000D-02     1.1000000000000D-02     1.1000000000000D-02     1.1116480000000D-02     1.1349440000000D-02
   21 -   25:      1.1582400000000D-02     1.1815360000000D-02     1.2048320000000D-02     1.2281280000000D-02     1.2514240000000D-02
   26 -   30:      1.2747200000000D-02     1.2980160000000D-02     1.3213120000000D-02     1.3446080000000D-02     1.3679040000000D-02
   31 -   35:      1.3912000000000D-02     1.4144960000000D-02     1.4377920000000D-02     1.4610880000000D-02     1.4843840000000D-02
   36 -   40:      1.5076800000000D-02     1.5309760000000D-02     1.5542720000000D-02     1.5775680000000D-02     1.6008640000000D-02
   41 -   45:      1.6241600000000D-02     1.6474560000000D-02     1.6707520000000D-02     1.6940480000000D-02     1.7173440000000D-02
   46 -   50:      1.7406400000000D-02     1.7639360000000D-02     1.7872320000000D-02     1.8105280000000D-02     1.8338240000000D-02
   51 -   55:      1.8571200000000D-02     1.8804160000000D-02     1.9037120000000D-02     1.9270080000000D-02     1.9503040000000D-02
   56 -   60:      1.9736000000000D-02     1.9736000000000D-02     1.9736000000000D-02     1.9736000000000D-02     1.9736000000000D-02
   61 -   65:      1.9736000000000D-02     1.9772956945220D-02     1.9809839796369D-02     1.9846010477615D-02     1.9881470318793D-02
   66 -   70:      1.9916220620395D-02     1.9950262653814D-02     1.9983597661586D-02     2.0016226857624D-02     2.0048151427452D-02
   71 -   75:      2.0079372528422D-02     2.0109891289932D-02     2.0139708813642D-02     2.0168826173671D-02     2.0197244416801D-02
   76 -   80:      2.0224964562671D-02     2.0251987603959D-02     2.0278314506573D-02     2.0303946209820D-02     2.0328883626581D-02
   81 -   85:      2.0353127643476D-02     2.0376679121027D-02     2.0399538893809D-02     2.0421707770608D-02     2.0443186534557D-02
   86 -   90:      2.0463975943285D-02     2.0484076729049D-02     2.0503489598863D-02     2.0522215234629D-02     2.0540254293253D-02
   91 -   95:      2.0557607406765D-02     2.0574275182430D-02     2.0590258202854D-02     2.0605557026091D-02     2.0620172185733D-02
   96 -  100:      2.0634104191014D-02     2.0647353526892D-02     2.0659920654137D-02     2.0671806009409D-02     2.0683010005338D-02
  101 -  105:      2.0693533030594D-02     2.0703375449954D-02     2.0712537604366D-02     2.0721019811011D-02     2.0728822363352D-02
  106 -  110:      2.0735945531191D-02     2.0742389560711D-02     2.0748154674524D-02     2.0753241071702D-02     2.0757648927820D-02
  111 -  115:      2.0761378394979D-02     2.0764429601837D-02     2.0766802653628D-02     2.0768497632184D-02     2.0769514595944D-02
  116 -  120:      2.0770000000000D-02     2.0770000000000D-02     2.0770000000000D-02     2.0770000000000D-02     2.0770000000000D-02
  121 -  125:      2.0770000000000D-02     2.0770000000000D-02     2.0770000000000D-02     2.0770000000000D-02     2.0770000000000D-02
  126 -  130:      2.0770000000000D-02     2.0770000000000D-02     2.0770000000000D-02     2.0770000000000D-02     2.0770000000000D-02
  131 -  135:      2.0770000000000D-02     2.0770000000000D-02     2.0770000000000D-02     2.0770000000000D-02     2.0770000000000D-02
  136 -  140:      2.0770000000000D-02     2.0770000000000D-02     2.0770000000000D-02     2.0770000000000D-02     2.0770000000000D-02
  141 -  145:      2.0770000000000D-02     2.0770000000000D-02     2.0770000000000D-02     2.0770000000000D-02     2.0770000000000D-02
  146 -  150:      2.0770000000000D-02     2.0770000000000D-02     2.0770000000000D-02     2.0770000000000D-02     2.0770000000000D-02
  151 -  155:      2.0770000000000D-02     2.0770000000000D-02     2.0770000000000D-02     2.0770000000000D-02     2.0770000000000D-02
  156 -  160:      2.0770000000000D-02     2.0770000000000D-02     2.0770000000000D-02     2.0770000000000D-02     2.0770000000000D-02
  161 -  165:      2.0770000000000D-02     2.0770000000000D-02     2.0770000000000D-02     2.0770000000000D-02     2.0770000000000D-02
  166 -  170:      2.0770000000000D-02     2.0770000000000D-02     2.0770000000000D-02     2.0770000000000D-02     2.0770000000000D-02
  171 -  175:      2.0770000000000D-02     2.0770000000000D-02     2.0770000000000D-02     2.0770000000000D-02     2.0770000000000D-02
  176 -  180:      2.0770000000000D-02     2.0770358301253D-02     2.0770576483215D-02     2.0770940120204D-02     2.0771449212796D-02
  181 -  185:      2.0772103761799D-02     2.0772903768252D-02     2.0773849233424D-02     2.0774940158816D-02     2.0776176546159D-02
  186 -  190:      2.0777558397414D-02     2.0779085714775D-02     2.0780758500665D-02     2.0782576757740D-02     2.0784540488884D-02
  191 -  195:      2.0786649697215D-02     2.0788904386080D-02     2.0791304559057D-02     2.0793850219957D-02     2.0796541372820D-02
  196 -  200:      2.0799378021917D-02     2.0802360171752D-02     2.0805487827059D-02     2.0808760992803D-02     2.0812179674181D-02
  201 -  205:      2.0815743876620D-02     2.0819453605780D-02     2.0823308867552D-02     2.0827309668057D-02     2.0831456013648D-02
  206 -  210:      2.0835747910912D-02     2.0840185366663D-02     2.0844768387952D-02     2.0849496982056D-02     2.0854371156489D-02
  211 -  215:      2.0859390918993D-02     2.0864556277544D-02     2.0869867240349D-02     2.0875323815847D-02     2.0880926012710D-02
  216 -  220:      2.0886673839840D-02     2.0892567306374D-02     2.0898606421680D-02     2.0904791195356D-02     2.0911121637237D-02
  221 -  225:      2.0917597757388D-02     2.0924219566105D-02     2.0930987073920D-02     2.0937900291595D-02     2.0944959230127D-02
  226 -  230:      2.0952163900745D-02     2.0959514314909D-02     2.0967010484317D-02     2.0974652420894D-02     2.0982440136804D-02
  231 -  235:      2.0990373644441D-02     2.0998452956433D-02     2.1006678085642D-02     2.1015049045165D-02     2.1023565848329D-02
  236 -  240:      2.1032228508700D-02     2.1041037040073D-02     2.1049991456481D-02     2.1059091772189D-02     2.1068338001697D-02
  241 -  245:      2.1077730159740D-02     2.1087268261287D-02     2.1096952321541D-02     2.1106782355942D-02     2.1116758380162D-02
  246 -  250:      2.1126880410111D-02     2.1137148461932D-02     2.1147562552004D-02     2.1158122696941D-02     2.1168828913595D-02
  251 -  255:      2.1179681219051D-02     2.1190679630630D-02     2.1201824165891D-02     2.1213114842627D-02     2.1224551678869D-02
  256 -  260:      2.1236134692883D-02     2.1247863903171D-02     2.1259739328476D-02     2.1271760987772D-02     2.1283928900274D-02
  261 -  265:      2.1296243085432D-02     2.1308703562936D-02     2.1321310352710D-02     2.1334063474919D-02     2.1347587369401D-02
  266 -  270:      2.1360527439259D-02     2.1373425660562D-02     2.1386282034997D-02     2.1399096564246D-02     2.1411869249985D-02
  271 -  275:      2.1424600093884D-02     2.1437289097609D-02     2.1449936262817D-02     2.1462541591163D-02     2.1475105084295D-02
  276 -  280:      2.1487626743856D-02     2.1500106571483D-02     2.1512544568806D-02     2.1524940737453D-02     2.1537295079043D-02
  281 -  285:      2.1549607595192D-02     2.1561878287508D-02     2.1574107157595D-02     2.1586294207052D-02     2.1598439437471D-02
  286 -  290:      2.1610542850439D-02     2.1622604447538D-02     2.1634624230343D-02     2.1646602200426D-02     2.1658538359351D-02
  291 -  295:      2.1670432708677D-02     2.1682285249958D-02     2.1694095984743D-02     2.1705864914574D-02     2.1717592040989D-02
  296 -  300:      2.1729277365519D-02     2.1740920889691D-02     2.1752522615024D-02     2.1764082543035D-02     2.1775600675232D-02
  301 -  305:      2.1787077013120D-02     2.1798511558197D-02     2.1809904311956D-02     2.1821255275885D-02     2.1832564451465D-02
  306 -  310:      2.1843831840173D-02     2.1855057443480D-02     2.1866241262851D-02     2.1877383299746D-02     2.1888483555619D-02
  311 -  315:      2.1899542031919D-02     2.1910558730089D-02     2.1921533651568D-02     2.1932466797786D-02     2.1943358170172D-02
  316 -  320:      2.1954207770145D-02     2.1965015599122D-02     2.1975781658514D-02     2.1986505949723D-02     2.1997188474151D-02
  321 -  325:      2.2007829233190D-02     2.2018428228228D-02     2.2028985460648D-02     2.2039500931828D-02     2.2049974643138D-02
  326 -  330:      2.2060406595945D-02     2.2070796791609D-02     2.2081145231486D-02     2.2091451916925D-02     2.2101716849270D-02
  331 -  335:      2.2111940029860D-02     2.2122121460027D-02     2.2132261141100D-02     2.2142359074400D-02     2.2152415261244D-02
  336 -  340:      2.2162429702943D-02     2.2172402400802D-02     2.2182333356122D-02     2.2192222570197D-02     2.2202070044316D-02
  341 -  345:      2.2211875779764D-02     2.2221639777817D-02     2.2231362039748D-02     2.2241042566826D-02     2.2250681360310D-02
  346 -  350:      2.2260278421458D-02     2.2269833751520D-02     2.2279347351741D-02     2.2288819223361D-02     2.2298249367614D-02
  351 -  355:      2.2307637785729D-02     2.2316984478929D-02     2.2326289448431D-02     2.2335552695448D-02     2.2344774221187D-02
  356 -  360:      2.2353954026849D-02     2.2363092113630D-02     2.2372188482720D-02     2.2381243135303D-02     2.2390256072560D-02
  361 -  365:      2.2399227295665D-02     2.2408156805784D-02     2.2417044604082D-02     2.2425890691717D-02     2.2434695069839D-02
  366 -  370:      2.2443457739595D-02     2.2452178702127D-02     2.2460857958571D-02     2.2469495510055D-02     2.2478091357705D-02
  371 -  375:      2.2486645502640D-02     2.2495157945973D-02     2.2503628688814D-02     2.2512057732264D-02     2.2520445077421D-02
  376 -  380:      2.2528790725376D-02     2.2537094677216D-02     2.2545356934023D-02     2.2553577496870D-02     2.2561756366829D-02
  381 -  385:      2.2569893544964D-02     2.2577989032333D-02     2.2586042829991D-02     2.2594054938985D-02     2.2602025360358D-02
  386 -  390:      2.2609954095147D-02     2.2617841144385D-02     2.2625686509097D-02     2.2633490190304D-02     2.2641252189021D-02
  391 -  395:      2.2648972506258D-02     2.2656651143021D-02     2.2664288100307D-02     2.2671883379110D-02     2.2679436980419D-02
  396 -  400:      2.2686948905216D-02     2.2694419154478D-02     2.2701847729177D-02     2.2709234630279D-02     2.2716579858745D-02
  401 -  405:      2.2723883415531D-02     2.2731145301586D-02     2.2738365517854D-02     2.2745544065276D-02     2.2752680944784D-02
  406 -  410:      2.2759776157306D-02     2.2766829703766D-02     2.2773841585080D-02     2.2780811802160D-02     2.2787740355913D-02
  411 -  415:      2.2794627247239D-02     2.2801472477035D-02     2.2808276046189D-02     2.2815037955587D-02     2.2821758206108D-02
  416 -  420:      2.2828436798625D-02     2.2835073734007D-02     2.2841669013116D-02     2.2848222636810D-02     2.2854734605941D-02
  421 -  425:      2.2861204921356D-02     2.2867633583895D-02     2.2874020594394D-02     2.2880365953683D-02     2.2886669662587D-02
  426 -  430:      2.2892931721925D-02     2.2899152132512D-02     2.2905330895156D-02     2.2911468010659D-02     2.2917563479819D-02
  431 -  435:      2.2923617303429D-02     2.2929629482275D-02     2.2935600017138D-02     2.2941528908795D-02     2.2947416158015D-02
  436 -  440:      2.2953261765565D-02     2.2959065732202D-02     2.2964828058682D-02     2.2970548745753D-02     2.2976227794159D-02
  441 -  445:      2.2981865204637D-02     2.2987460977919D-02     2.2993015114734D-02     2.2998527615802D-02     2.3003998481839D-02
  446 -  450:      2.3009427713556D-02     2.3014815311659D-02     2.3020161276848D-02     2.3025465609816D-02     2.3030728311253D-02
  451 -  455:      2.3035949381842D-02     2.3041128822263D-02     2.3046266633186D-02     2.3051362815281D-02     2.3056417369208D-02
  456 -  460:      2.3061430295624D-02     2.3066401595181D-02     2.3071331268523D-02     2.3076219316292D-02     2.3081065739121D-02
  461 -  465:      2.3085870537641D-02     2.3090633712476D-02     2.3095355264243D-02     2.3100035193557D-02     2.3104673501024D-02
  466 -  470:      2.3109270187247D-02     2.3113825252824D-02     2.3118338698345D-02     2.3122810524396D-02     2.3127240731559D-02
  471 -  475:      2.3131629320408D-02     2.3135976291514D-02     2.3140281645440D-02     2.3144545382746D-02     2.3148767503985D-02
  476 -  480:      2.3152948009706D-02     2.3157086900451D-02     2.3161184176758D-02     2.3165239839158D-02     2.3169253888178D-02
  481 -  485:      2.3173226324339D-02     2.3177157148157D-02     2.3181046360142D-02     2.3184893960799D-02     2.3188699950627D-02
  486 -  490:      2.3192464330121D-02     2.3196187099770D-02     2.3199868260055D-02     2.3203507811456D-02     2.3207105754445D-02
  491 -  495:      2.3210662089488D-02     2.3214176817047D-02     2.3217649937579D-02     2.3221081451535D-02     2.3224471359359D-02
  496 -  500:      2.3227819661491D-02     2.3231126358367D-02     2.3234391450416D-02     2.3237614938060D-02     2.3240796821719D-02
  501 -  505:      2.3243937101805D-02     2.3247035778727D-02     2.3250092852885D-02     2.3253108324678D-02     2.3256082194496D-02
  506 -  510:      2.3259014462725D-02     2.3261905129746D-02     2.3264754195933D-02     2.3267561661657D-02     2.3270327527282D-02
  511 -  515:      2.3273051793167D-02     2.3275734459665D-02     2.3278375527125D-02     2.3280974995888D-02     2.3283532866294D-02
  516 -  520:      2.3286049138672D-02     2.3288523813350D-02     2.3290956890650D-02     2.3293348370885D-02     2.3295698254368D-02
  521 -  525:      2.3298006541403D-02     2.3300273232289D-02     2.3302498327321D-02     2.3304681826787D-02     2.3306823730970D-02
  526 -  530:      2.3308924040149D-02     2.3310982754596D-02     2.3312999874577D-02     2.3314975400356D-02     2.3316909332187D-02
  531 -  535:      2.3318801670323D-02     2.3320652415007D-02     2.3322461566482D-02     2.3324229124981D-02     2.3325955090733D-02
  536 -  540:      2.3327639463963D-02     2.3329282244889D-02     2.3330883433724D-02     2.3332443030675D-02     2.3333961035947D-02
  541 -  545:      2.3335437449734D-02     2.3336872272229D-02     2.3338265503618D-02     2.3339617144081D-02     2.3340927193795D-02
  546 -  550:      2.3342195652928D-02     2.3343422521646D-02     2.3344607800107D-02     2.3345751488466D-02     2.3346853586870D-02
  551 -  555:      2.3347914095463D-02     2.3348933014383D-02     2.3349910343760D-02     2.3350846083723D-02     2.3351740234393D-02
  556 -  560:      2.3352592795885D-02     2.3353403768311D-02     2.3354173151774D-02     2.3354900946376D-02     2.3355587152211D-02
  561 -  565:      2.3356231769367D-02     2.3356834797929D-02     2.3357396237974D-02     2.3357916089575D-02     2.3358394352800D-02
  566 -  570:      2.3358831027711D-02     2.3359226114364D-02     2.3359579612811D-02     2.3359891523098D-02     2.3360161845264D-02
  571 -  575:      2.3360390579346D-02     2.3360577725372D-02     2.3360723283367D-02     2.3360827253350D-02     2.3360889635335D-02
  576 -  580:      2.3360000000000D-02     2.3360000000000D-02     2.3360000000000D-02     2.3360000000000D-02     2.3360000000000D-02
  581 -  585:      2.3360000000000D-02     2.3360000000000D-02     2.3360000000000D-02     2.3360000000000D-02     2.3360000000000D-02
  586 -  590:      2.3360000000000D-02     2.3360000000000D-02     2.3360000000000D-02     2.3360000000000D-02     2.3360000000000D-02
  591 -  595:      2.3360000000000D-02     2.3360000000000D-02     2.3360000000000D-02     2.3360000000000D-02     2.3360000000000D-02
  596 -  600:      2.3360000000000D-02     2.3360000000000D-02     2.3360000000000D-02     2.3360000000000D-02     2.3360000000000D-02
  601 -  601:      2.3360000000000D-02
  
